[gd_scene load_steps=5 format=3 uid="uid://ceml7ur3gkt5c"]

[ext_resource type="PackedScene" uid="uid://c1dyv2xdy0iy5" path="res://pair_of_meshes.tscn" id="1_u52ul"]

[sub_resource type="ProceduralSkyMaterial" id="ProceduralSkyMaterial_u52ul"]
sky_horizon_color = Color(0.662243, 0.671743, 0.686743, 1)
ground_horizon_color = Color(0.662243, 0.671743, 0.686743, 1)

[sub_resource type="Sky" id="Sky_vonw3"]
sky_material = SubResource("ProceduralSkyMaterial_u52ul")

[sub_resource type="Environment" id="Environment_oi3di"]
background_mode = 2
sky = SubResource("Sky_vonw3")
tonemap_mode = 2
glow_enabled = true

[node name="Level" type="Node3D"]

[node name="Camera3D" type="Camera3D" parent="."]
transform = Transform3D(0.998932, -0.0143893, 0.0438999, 0, 0.950256, 0.311471, -0.046198, -0.311138, 0.949241, 0.0844455, 2.85642, 5.50425)

[node name="WorldEnvironment" type="WorldEnvironment" parent="."]
environment = SubResource("Environment_oi3di")

[node name="DirectionalLight3D" type="DirectionalLight3D" parent="."]
transform = Transform3D(-0.866025, -0.433013, 0.25, 0, 0.5, 0.866025, -0.5, 0.75, -0.433013, 0, 0, 0)
shadow_enabled = true

[node name="Pair of Meshes" parent="." instance=ExtResource("1_u52ul")]
transform = Transform3D(0.647029, 0, -0.762465, 0, 1, 0, 0.762465, 0, 0.647029, 1.60127, 0.467828, -2.85078)

[node name="Pair of Meshes2" parent="." instance=ExtResource("1_u52ul")]

[node name="Pair of Meshes3" parent="." instance=ExtResource("1_u52ul")]
transform = Transform3D(0.800784, 0, 0.598954, 0, 1, 0, -0.598954, 0, 0.800784, -1.551, 0, -2.794)
